73
40
59
6
98
8
82
23
78
49
53
48
26
9
12
11
59
88
32
94
21
47
100
63
38
39
45
93
32
40
43
20
50
69
70
82
94
83
12
3
97
70
90
79
32
12
95
9
38
95
3
14
88
60
11
89
63
96
54
98
5
16
32
98
39
92
91
72
31
83
41
2
8
100
81
91
96
41
69
51
45
31
26
71
30
74
14
40
95
24
62
14
48
74
67
10
75
41
11
17
36
71
1
40
52
93
37
98
23
7
49
24
83
4
50
48
85
76
66
32
28
47
83
63
47
29
97
27
82
21
56
24
17
85
6
70
79
93
17
11
83
52
53
36
36
99
20
77
38
85
44
84
80
75
28
89
34
20
95
81
18
85
28
83
8
54
68
52
83
78
6
14
86
43
23
88
36
86
14
23
87
1
1
26
35
97
69
2
2
13
90
84
69
11
80
80
17
23
76
79